theta0:8277.034168116184
theta1:-0.01933230365921051