average:101066.25
stdDev:51565.1899106445
theta0:-132703548.47269651
theta1:-1105.9721327342154